id: 018, count: 496
			 00 00 00 00 00	(286)
			 80 00 02 00 00	(210)
id: 036, count: 1017
			 0e 00 06 0f 01 00 00 a0	(992)
			 0e 00 06 0f 02 00 00 a0	(24)
			 0e 00 06 0f 03 00 00 a0	(1)
id: 0a2, count: 986
			 00 00 00 00 00	(986)
id: 0b6, count: 1984
			 00 00 00 00 00 00 00 d0	(1977)
			 00 00 ff ff 00 00 00 28	(5)
			 ff ff 00 00 00 00 00 d0	(2)
id: 0df, count: 199
			 10 00 40	(199)
id: 0e6, count: 454
			 00 00 00 00 00 62	(8)
			 00 00 00 00 00 63	(52)
			 00 00 00 00 00 64	(27)
			 00 00 00 00 00 65	(25)
			 00 00 00 00 00 66	(326)
			 80 00 00 00 00 65	(5)
			 81 00 00 00 00 64	(1)
			 81 00 00 00 00 65	(2)
			 81 00 00 00 00 66	(7)
			 81 00 00 00 00 67	(1)
id: 0ed, count: 197
			 00 00	(197)
id: 0f6, count: 200
			 80 29 0e 45 4d 53 53 20	(13)
			 80 3c 0e 45 4d 53 53 20	(95)
			 88 29 0e 45 4d 53 53 20	(86)
			 88 29 0e 45 4d 53 53 28	(5)
			 88 3c 0e 45 4d 53 53 28	(1)
id: 10b, count: 453
			 00 49 00 07 0a 00	(51)
			 00 49 00 07 1b 00	(1)
			 00 49 00 07 28 00	(52)
			 00 49 00 07 39 00	(2)
			 00 49 00 07 4e 00	(54)
			 00 49 00 07 6c 00	(52)
			 00 49 00 07 7d 00	(1)
			 00 49 00 07 82 00	(52)
			 00 49 00 07 a0 00	(49)
			 00 49 00 07 c6 00	(53)
			 00 49 00 07 d7 00	(1)
			 00 49 00 07 e4 00	(54)
			 00 49 00 07 f5 00	(1)
			 00 49 00 87 02 00	(3)
			 00 49 00 87 20 00	(7)
			 00 49 00 87 31 00	(2)
			 00 49 00 87 46 00	(2)
			 00 49 00 87 64 00	(2)
			 00 49 00 87 75 00	(1)
			 00 49 00 87 8a 00	(3)
			 00 49 00 87 a8 00	(4)
			 00 49 00 87 ce 00	(1)
			 00 49 00 87 ec 00	(4)
			 00 49 00 87 fd 00	(1)
id: 110, count: 967
			 ff ff ff ff 01 b3 01 b3	(963)
			 ff ff ff ff 01 b6 01 b3	(3)
			 ff ff ff ff ff ff ff ff	(1)
id: 115, count: 968
			 01 00 00 00	(968)
id: 120, count: 99
			 7c 00 00 00 00 00 00 00	(18)
			 7c 00 00 00 00 00 00 08	(14)
			 bc 00 00 00 00 00 00 00	(33)
			 f0 00 00 00 00 00 00 00	(3)
			 fc 00 00 00 00 00 00 00	(17)
			 fc 00 00 00 00 0f 00 00	(14)
id: 128, count: 501
			 00 00 00 00 00 00 b0 00	(120)
			 00 00 00 00 00 80 b0 00	(151)
			 42 05 00 00 00 d4 00 00	(150)
			 42 85 00 00 00 d4 00 00	(59)
			 c2 81 00 00 00 d4 00 00	(5)
			 f2 c1 00 00 00 d4 00 00	(6)
			 f2 c1 00 00 00 d4 f0 00	(1)
			 f3 c1 00 00 00 d4 00 00	(8)
			 f3 c1 00 00 00 d4 f0 00	(1)
id: 12d, count: 198
			 00 32 32 00 00 64 98 00	(198)
id: 131, count: 946
			 01 10 00 00 00 00	(11)
			 01 10 00 00 00 80	(514)
			 81 10 00 00 00 80	(421)
id: 134, count: 454
			 00 03 fa fa 00 00 00 00	(27)
			 00 03 fa fa 00 01 00 00	(28)
			 00 03 fa fa 00 02 00 00	(29)
			 00 03 fa fa 00 03 00 00	(28)
			 00 03 fa fa 00 04 00 00	(28)
			 00 03 fa fa 00 05 00 00	(27)
			 00 03 fa fa 00 06 00 00	(28)
			 00 03 fa fa 00 07 00 00	(28)
			 00 03 fa fa 00 08 00 00	(28)
			 00 03 fa fa 00 09 00 00	(28)
			 00 03 fa fa 00 0a 00 00	(27)
			 00 03 fa fa 00 0b 00 00	(27)
			 00 03 fa fa 00 0c 00 00	(28)
			 00 03 fa fa 00 0d 00 00	(28)
			 00 03 fa fa 00 0e 00 00	(28)
			 00 03 fa fa 00 0f 00 00	(27)
			 10 03 fa fa 00 00 00 00	(1)
			 10 03 fa fa 00 01 00 00	(1)
			 10 03 fa fa 00 02 00 00	(1)
			 10 03 fa fa 00 05 00 00	(1)
			 10 03 fa fa 00 06 00 00	(1)
			 10 03 fa fa 00 07 00 00	(1)
			 10 03 fa fa 00 0a 00 00	(1)
			 10 03 fa fa 00 0b 00 00	(1)
			 10 03 fa fa 00 0c 00 00	(1)
			 10 03 fa fa 00 0f 00 00	(1)
id: 14c, count: 991
			 00 00 00 00 00	(326)
			 00 00 00 00 80	(665)
id: 15b, count: 201
			 01 03 92 c0 00 c0 00 10	(197)
			 04 03 92 c0 00 c0 00 f0	(1)
			 05 03 92 c0 00 c0 00 f0	(3)
id: 161, count: 199
			 00 00 2c 00 00 00 3b	(4)
			 00 00 2c 1e 00 00 3b	(88)
			 00 00 3c 00 00 00 3b	(107)
id: 165, count: 947
			 00 00 00 00	(2)
			 00 80 00 00	(1)
			 00 86 00 00	(515)
			 00 c0 00 20	(7)
			 40 80 00 00	(1)
			 c0 80 00 00	(1)
			 c0 80 40 00	(1)
			 c0 c0 40 00	(21)
			 c0 c0 40 20	(398)
id: 167, count: 992
			 01 00 ff ff 00 00 00 00	(992)
id: 168, count: 497
			 00 00 00 00 00 00 00 00	(270)
			 01 00 00 02 04 00 00 00	(212)
			 88 40 00 b2 24 00 00 00	(10)
			 89 40 00 b2 24 00 00 00	(5)
id: 18c, count: 993
			 00 00	(993)
id: 190, count: 482
			 01 b3 ff ff ff 00 ff ff	(43)
			 01 b3 ff ff ff ff ff ff	(1)
			 01 b8 ff ff ff 00 ff ff	(437)
			 ff ff ff ff ff ff ff ff	(1)
id: 1a1, count: 499
			 00 e5 47 1e 40 00 00 00	(39)
			 7f ff 00 ff ff ff ff ff	(172)
			 80 e5 c7 1e 40 00 00 00	(57)
			 ff ff 00 ff ff ff ff ff	(231)
id: 1a5, count: 191
			 e0	(2)
			 e2	(1)
			 f4	(188)
id: 1a8, count: 496
			 00 ff ff 00 00 1d ee cb	(496)
id: 1cc, count: 496
			 00 00	(496)
id: 1d0, count: 193
			 02 00 04 06 00 0d 0d	(193)
id: 1e0, count: 191
			 00 00 00 00 00	(105)
			 58 00 a2 80 a0	(1)
			 5c 00 a2 80 a0	(85)
id: 1e1, count: 199
			 40 40 40 40 80 20 00 00	(88)
			 80 80 80 80 80 80 00 00	(111)
id: 1e5, count: 191
			 3f 3f 41 3f 43 07 0f	(1)
			 3f 3f 44 3f 41 07 0f	(2)
			 3f 3f 44 3f 41 47 0f	(188)
id: 217, count: 994
			 51 40 00 00 c0 00 ff ff	(26)
			 51 40 00 00 c0 ff ff ff	(2)
			 51 80 00 00 c0 00 ff ff	(8)
			 51 80 00 00 c0 ff ff ff	(2)
			 52 80 00 00 c0 00 ff ff	(417)
			 52 80 00 00 c0 ff ff ff	(539)
id: 21f, count: 985
			 00 00 00	(985)
id: 220, count: 197
			 00 00	(197)
id: 221, count: 98
			 00 ff ff 00 a5 ff ff	(33)
			 00 ff ff 00 af ff ff	(63)
			 00 ff ff ff ff ff ff	(2)
id: 225, count: 190
			 20 00 00 07 ff	(2)
			 30 00 20 03 28	(188)
id: 227, count: 199
			 00 00 00 00	(199)
id: 24c, count: 992
			 00 00 00 00 00	(326)
			 04 00 00 00 00	(666)
id: 255, count: 98
			 ff ff 00 fd 00	(98)
id: 257, count: 3
			 0e 45 4d f1 ba b2	(3)
id: 260, count: 199
			 01 03 92 c0 00 c0 00 10	(66)
			 02 03 92 c0 00 d0 00 10	(66)
			 03 03 92 c0 00 d0 00 10	(67)
id: 261, count: 99
			 36 01 6f 00 59 01 9a	(99)
id: 265, count: 191
			 00 00 00 00	(2)
			 81 00 00 00	(1)
			 a1 00 00 00	(1)
			 a1 10 00 1a	(187)
id: 28c, count: 991
			 00 00 00 00 00	(324)
			 04 00 00 00 00	(667)
id: 2a0, count: 198
			 00	(198)
id: 2a1, count: 99
			 2f 07 c6 00 61 09 fc	(99)
id: 2a5, count: 191
			 00 00 00 00 00 00 00 00	(2)
			 54 41 54 41 52 2d 46 4d	(189)
id: 2b6, count: 100
			 37 34 39 32 39 38 35 36	(100)
id: 2d5, count: 968
			 10	(968)
id: 2e1, count: 100
			 1d 44 40 1c 00	(1)
			 1d 74 40 1c 00	(57)
			 3d 74 40 1c 00	(42)
id: 2e5, count: 94
			 00 00 00 00	(94)
id: 315, count: 98
			 ff ff 00 53 00	(98)
id: 317, count: 99
			 f7 80 82 c8 c0 00 05 c0	(99)
id: 325, count: 191
			 00 00 00	(2)
			 00 01 00	(1)
			 01 01 00	(188)
id: 336, count: 98
			 56 46 37	(98)
id: 355, count: 968
			 10 00	(968)
id: 361, count: 198
			 01 10 10 60 10 28	(198)
id: 365, count: 188
			 ff ff ff 00 00	(188)
id: 3a5, count: 188
			 ff ff ff ff 7f 00	(188)
id: 3a7, count: 198
			 00 00 00 00 69 ff fe 05	(108)
			 10 00 00 00 69 ff fe 05	(90)
id: 3b6, count: 99
			 4c 43 35 46 54 46	(99)
id: 3e5, count: 190
			 00 00 00 00 00 00	(190)
id: 3f6, count: 104
			 00 22 90 00 00 80 01	(1)
			 00 22 a0 00 00 80 01	(1)
			 00 22 b0 00 00 80 01	(1)
			 00 22 c0 00 00 80 01	(1)
			 00 22 d0 00 00 80 01	(1)
			 00 22 e0 00 00 80 01	(1)
			 00 22 f0 00 00 80 01	(1)
			 00 23 00 00 00 80 01	(1)
			 00 23 10 00 00 80 01	(1)
			 00 23 20 00 00 80 01	(1)
			 00 23 30 00 00 80 01	(1)
			 00 23 40 00 00 80 01	(1)
			 00 23 50 00 00 80 01	(1)
			 00 23 60 00 00 80 01	(1)
			 00 23 70 00 00 80 01	(1)
			 00 23 80 00 00 80 01	(1)
			 00 23 90 00 00 80 01	(1)
			 00 23 a0 00 00 80 01	(1)
			 00 23 b0 00 00 80 01	(1)
			 00 23 c0 00 00 80 01	(1)
			 00 24 30 00 00 80 01	(1)
			 00 24 40 00 00 80 01	(1)
			 00 24 50 00 00 80 01	(1)
			 00 24 60 00 00 80 01	(1)
			 00 24 70 00 00 80 01	(1)
			 00 24 80 00 00 80 01	(1)
			 00 24 90 00 00 80 01	(1)
			 00 24 a0 00 00 80 01	(1)
			 00 24 b0 00 00 80 01	(1)
			 00 24 c0 00 00 80 01	(1)
			 00 24 d0 00 00 80 01	(1)
			 00 24 e0 00 00 80 01	(1)
			 00 26 a0 00 00 80 01	(1)
			 00 26 b0 00 00 80 01	(2)
			 00 26 c0 00 00 80 01	(1)
			 00 26 d0 00 00 80 01	(1)
			 00 26 e0 00 00 80 01	(1)
			 00 26 f0 00 00 80 01	(1)
			 00 27 00 00 00 80 01	(1)
			 00 27 10 00 00 80 01	(1)
			 00 27 20 00 00 80 01	(1)
			 00 27 30 00 00 80 01	(1)
			 00 27 40 00 00 80 01	(1)
			 00 27 50 00 00 80 01	(1)
			 00 27 60 00 00 80 01	(1)
			 00 27 c0 00 00 80 01	(1)
			 00 27 d0 00 00 80 01	(1)
			 00 27 e0 00 00 80 01	(1)
			 00 27 f0 00 00 80 01	(1)
			 00 28 00 00 00 80 01	(1)
			 00 28 10 00 00 80 01	(1)
			 00 28 20 00 00 80 01	(1)
			 00 28 30 00 00 80 01	(1)
			 00 28 40 00 00 80 01	(1)
			 00 28 50 00 00 80 01	(1)
			 00 28 60 00 00 80 01	(1)
			 00 28 70 00 00 80 01	(1)
			 00 28 80 00 00 80 01	(1)
			 00 28 90 00 00 80 01	(1)
			 00 28 a0 00 00 80 01	(1)
			 00 28 b0 00 00 80 01	(1)
			 00 28 c0 00 00 80 01	(1)
			 00 28 d0 00 00 80 01	(1)
			 00 28 e0 00 00 80 01	(1)
			 00 28 f0 00 00 80 01	(1)
			 00 29 00 00 00 80 01	(1)
			 00 29 10 00 00 80 01	(1)
			 00 29 20 00 00 80 01	(1)
			 00 29 30 00 00 80 01	(1)
			 00 29 40 00 00 80 01	(1)
			 00 29 50 00 00 80 01	(1)
			 00 29 60 00 00 80 01	(1)
			 00 29 70 00 00 80 01	(1)
			 00 29 80 00 00 80 01	(1)
			 00 29 90 00 00 80 01	(1)
			 00 29 a0 00 00 80 01	(1)
			 00 29 b0 00 00 80 01	(1)
			 00 2a 20 00 00 80 01	(1)
			 00 2a 30 00 00 80 01	(1)
			 00 2a 40 00 00 80 01	(3)
			 00 2a 50 00 00 80 01	(1)
			 00 2a 60 00 00 80 01	(1)
			 00 2a 70 00 00 80 01	(1)
			 00 2a 80 00 00 80 01	(1)
			 00 2a 90 00 00 80 01	(1)
			 00 2a a0 00 00 80 01	(1)
			 00 2a b0 00 00 80 01	(1)
			 00 2a c0 00 00 80 01	(1)
			 00 2a d0 00 00 80 01	(1)
			 00 2a e0 00 00 80 01	(1)
			 00 2a f0 00 00 80 01	(1)
			 00 2b 00 00 00 80 01	(1)
			 00 2b 10 00 00 80 01	(1)
			 00 2b 20 00 00 80 01	(1)
			 00 2b 30 00 00 80 01	(1)
			 00 2b 40 00 00 80 01	(1)
			 00 2b 50 00 00 80 01	(1)
			 00 2b 60 00 00 80 01	(1)
			 00 2b 70 00 00 80 01	(1)
			 00 2b 80 00 00 80 01	(1)
			 00 2b 90 00 00 80 01	(1)
id: 412, count: 5
			 00 00	(5)
id: 50b, count: 97
			 01 00 00 00 00 00 00 00	(97)
id: 50c, count: 97
			 01 00 00 00 00 00 00 00	(97)
id: 512, count: 100
			 01 00 00 00 00 00 00 00	(100)
id: 51f, count: 100
			 01 00 00 00 00 00 00 00	(100)
id: 520, count: 94
			 01 00 00 00 00 00 00 00	(94)
id: 525, count: 101
			 01 00 00 00 00 00 00 00	(1)
			 05 00 00 00 00 00 00 00	(100)
id: 52d, count: 97
			 01 00 00 00 00 00 00 00	(97)
id: 5cb, count: 1
			 0b 03 07 06 02 02 20 0c	(1)
id: 5cc, count: 1
			 0c 03 07 06 02 02 20 0c	(1)
id: 5d2, count: 1
			 b0 00 00 00 01 01 07 1e	(1)
id: 5df, count: 1
			 1f 11 01 08 03 01 20 15	(1)
id: 5e0, count: 1
			 20 09 07 08 40 0a 20 21	(1)
id: 5e5, count: 1
			 25 18 04 08 47 03 20 26	(1)
id: 5ed, count: 1
			 2d 08 06 04 05 00 20 0c	(1)
