id: 0df, count: 555
			 10 00 40	(366)
			 10 00 60	(51)
			 90 00 60	(138)
id: 11f, count: 14
			 30 00 0a	(14)
id: 125, count: 118
			 01 00	(4)
			 10 0d 10 01 00 10 31 30	(1)
			 10 16 10 02 00 21 4e 2e	(1)
			 10 3a 20 10 00 00 45 43	(2)
			 10 3a 20 20 00 00 46 4d	(1)
			 10 3a 20 40 00 00 70 6c	(1)
			 10 3a 20 50 00 00 35 33	(2)
			 10 3a 40 10 00 00 70 6c	(1)
			 10 3a 40 20 00 00 70 6c	(1)
			 10 3a 40 30 00 00 70 6c	(1)
			 10 3a 40 40 00 00 70 6c	(1)
			 10 3a 40 50 00 00 70 6c	(1)
			 10 3a 40 60 00 00 70 6c	(1)
			 21 20 39 30 2e 39 20 90	(1)
			 21 31 00 00 00 00 00 00	(2)
			 21 34 2e 36 30 00 00 00	(1)
			 21 43 68 65 6c 6e 79 80	(1)
			 21 48 4f 20 4d 53 4b 90	(2)
			 21 75 73 2e 72 75 20 90	(7)
			 22 31 30 34 2e 36 30 00	(1)
			 22 31 36 3a 31 36 3a 33	(1)
			 22 35 33 31 00 00 00 00	(2)
			 22 46 4d 20 39 30 2e 39	(2)
			 22 7a 65 6d 6c 6a 61 6e	(7)
			 23 00 00 35 33 31 00 00	(2)
			 23 00 40	(1)
			 23 20 90 31 30 31 2e 35	(2)
			 23 37 90 34 36 34 37 5f	(1)
			 23 69 b0 33 35 2d 39 33	(7)
			 24 00 00 00 00 36 33 30	(2)
			 24 2d 32 31 90 31 30 33	(7)
			 24 31 33 5f b0 31 30 33	(1)
			 24 4d 48 5a b0 50 4c 55	(2)
			 25 00 00 00 00 00 00 35	(2)
			 25 2e 36 30 00 00 00 39	(1)
			 25 2e 36 30 00 00 00 52	(7)
			 25 53 20 20 20 20 90 31	(2)
			 26 30 2e 36 30 00 00 00	(1)
			 26 30 36 2e 39 30 00 00	(2)
			 26 33 31 00 00 00 00 00	(2)
			 26 45 4b 4c 41 4d 41 3a	(7)
			 27 00 35 33 31 00 00 00	(2)
			 27 00 44 41 4e 43 45 20	(1)
			 27 20 35 39 2d 33 34 2d	(2)
			 27 90 31 36 3a 32 32 3a	(7)
			 28 00 00 00	(2)
			 28 20 20 90	(1)
			 28 31 39 b0	(7)
			 28 32 33 b0	(2)
id: 131, count: 2595
			 01 10 00 00 00 80	(79)
			 81 10 00 00 00 80	(2516)
id: 15b, count: 537
			 07 00 00 00 00 00 00 f0	(537)
id: 165, count: 2610
			 00 86 00 00	(70)
			 00 a6 00 00	(4)
			 00 c6 00 00	(9)
			 c0 86 00 00	(5)
			 c0 86 10 00	(2)
			 c0 86 20 00	(2)
			 c0 a6 10 00	(2311)
			 c0 a6 40 00	(162)
			 c0 c6 10 00	(1)
			 c0 c6 20 00	(44)
id: 167, count: 2679
			 01 00 ff ff 00 00 00 00	(2679)
id: 1a5, count: 589
			 00	(5)
			 01	(2)
			 02	(2)
			 03	(4)
			 04	(2)
			 05	(3)
			 06	(3)
			 07	(3)
			 08	(3)
			 09	(2)
			 0a	(2)
			 0b	(3)
			 0c	(2)
			 0d	(1)
			 0e	(1)
			 0f	(4)
			 10	(3)
			 11	(2)
			 12	(3)
			 13	(4)
			 14	(2)
			 15	(1)
			 16	(1)
			 17	(3)
			 18	(2)
			 19	(2)
			 1a	(2)
			 1b	(2)
			 1c	(1)
			 1d	(4)
			 1e	(4)
			 e2	(16)
			 e4	(16)
			 e5	(445)
			 f9	(34)
id: 1e0, count: 525
			 00 00 00 00 00	(17)
			 58 00 00 00 00	(7)
			 58 00 61 80 a0	(28)
			 58 00 a2 80 a0	(463)
			 59 00 a2 80 a0	(10)
id: 1e5, count: 525
			 3f 3f 3f 3f 3f 07 03	(7)
			 3f 3f 41 3f 43 07 0f	(5)
			 3f 3f 41 3f 43 47 0f	(438)
			 3f 3f 41 3f 43 47 4f	(3)
			 3f 3f 41 3f 43 57 0f	(3)
			 3f 3f 41 3f 43 c7 0f	(2)
			 3f 3f 41 3f c3 47 0f	(2)
			 3f 3f 43 3f 44 47 0f	(15)
			 3f 3f 44 3f 41 47 0f	(34)
			 3f 3f c1 3f 43 47 0f	(2)
			 3f bf 41 3f 43 47 0f	(6)
			 bf 3f 41 3f 43 47 0f	(8)
id: 225, count: 1056
			 10 00 10 04 44	(37)
			 10 00 40 02 ee	(1)
			 10 00 40 02 f0	(1)
			 10 00 40 02 f2	(1)
			 10 00 40 02 f4	(1)
			 10 00 40 02 f6	(1)
			 10 00 40 02 f8	(1)
			 10 00 40 02 fa	(1)
			 10 00 40 02 fc	(1)
			 10 00 40 02 fe	(1)
			 10 00 40 03 00	(1)
			 10 00 40 03 02	(1)
			 10 00 40 03 04	(1)
			 10 00 40 03 06	(1)
			 10 00 40 03 08	(1)
			 10 00 40 03 0a	(1)
			 10 00 40 03 0c	(1)
			 10 00 40 03 0e	(1)
			 10 00 40 03 10	(1)
			 10 00 40 03 12	(1)
			 10 00 40 03 14	(1)
			 10 00 40 03 16	(1)
			 10 00 40 03 18	(1)
			 10 00 40 03 1a	(1)
			 10 00 40 03 1c	(1)
			 10 00 40 03 1e	(1)
			 10 00 40 03 20	(1)
			 10 00 40 03 22	(1)
			 10 00 40 03 24	(1)
			 10 00 40 03 26	(1)
			 10 00 40 03 28	(1)
			 10 00 40 03 2a	(1)
			 10 00 40 03 2c	(1)
			 10 00 40 03 2e	(1)
			 10 00 40 03 30	(1)
			 10 00 40 03 32	(1)
			 10 00 40 03 34	(1)
			 10 00 40 03 36	(1)
			 10 00 40 03 38	(1)
			 10 00 40 03 3a	(1)
			 10 00 40 03 3c	(1)
			 10 00 40 03 3e	(1)
			 10 00 40 03 40	(1)
			 10 00 40 03 42	(1)
			 10 00 40 03 44	(1)
			 10 00 40 03 46	(1)
			 10 00 40 03 48	(1)
			 10 00 40 03 4a	(1)
			 10 00 40 03 4c	(1)
			 10 00 40 03 4e	(1)
			 10 00 40 03 50	(1)
			 10 00 40 03 52	(1)
			 10 00 40 03 54	(1)
			 10 00 40 03 56	(1)
			 10 00 40 03 58	(1)
			 10 00 40 03 5a	(1)
			 10 00 40 03 5c	(1)
			 10 00 40 03 5e	(1)
			 10 00 40 03 60	(1)
			 10 00 40 03 62	(1)
			 10 00 40 03 64	(1)
			 10 00 40 03 66	(1)
			 10 00 40 03 68	(1)
			 10 00 40 03 6a	(1)
			 10 00 40 03 6c	(1)
			 10 00 40 03 6e	(1)
			 10 00 40 03 70	(1)
			 10 00 40 03 72	(1)
			 10 00 40 03 74	(1)
			 10 00 40 03 76	(1)
			 10 00 40 03 78	(1)
			 10 00 40 03 7a	(1)
			 10 00 40 03 7c	(1)
			 10 00 40 03 7e	(1)
			 10 00 40 03 80	(1)
			 10 00 40 03 82	(1)
			 10 00 40 03 84	(1)
			 10 00 40 03 86	(1)
			 10 00 40 03 88	(1)
			 10 00 40 03 8a	(1)
			 10 00 40 03 8c	(1)
			 10 00 40 03 8e	(1)
			 10 00 40 03 90	(1)
			 10 00 40 03 92	(1)
			 10 00 40 03 94	(1)
			 10 00 40 03 96	(1)
			 10 00 40 03 98	(1)
			 10 00 40 03 9a	(1)
			 10 00 40 03 9c	(1)
			 10 00 40 03 9e	(1)
			 10 00 40 03 a0	(1)
			 10 00 40 03 a2	(1)
			 10 00 40 03 a4	(1)
			 10 00 40 03 a6	(1)
			 10 00 40 03 a8	(1)
			 10 00 40 03 aa	(1)
			 10 00 40 03 ac	(1)
			 10 00 40 03 ae	(1)
			 10 00 40 03 b0	(3)
			 10 00 40 03 b2	(2)
			 10 00 40 03 b4	(2)
			 10 00 40 03 b6	(2)
			 10 00 40 03 b8	(2)
			 10 00 40 03 ba	(2)
			 10 00 40 03 bc	(2)
			 10 00 40 03 be	(2)
			 10 00 40 03 c0	(2)
			 10 00 40 03 c2	(2)
			 10 00 40 03 c4	(2)
			 10 00 40 03 c6	(2)
			 10 00 40 03 c8	(2)
			 10 00 40 03 ca	(2)
			 10 00 40 03 cc	(2)
			 10 00 40 03 ce	(2)
			 10 00 40 03 d0	(2)
			 10 00 40 03 d2	(2)
			 10 00 40 03 d4	(2)
			 10 00 40 03 d6	(2)
			 10 00 40 03 d8	(2)
			 10 00 40 03 da	(2)
			 10 00 40 03 dc	(2)
			 10 00 40 03 de	(2)
			 10 00 40 03 e0	(2)
			 10 00 40 03 e2	(2)
			 10 00 40 03 e4	(2)
			 10 00 40 03 e6	(2)
			 10 00 40 03 e8	(2)
			 10 00 40 03 ea	(2)
			 10 00 40 03 ec	(2)
			 10 00 40 03 ee	(2)
			 10 00 40 03 f0	(2)
			 10 00 40 03 f2	(2)
			 10 00 40 03 f4	(2)
			 10 00 40 03 f6	(2)
			 10 00 40 03 f8	(2)
			 10 00 40 03 fa	(2)
			 10 00 40 03 fc	(2)
			 10 00 40 03 fe	(2)
			 10 00 40 04 00	(2)
			 10 00 40 04 02	(2)
			 10 00 40 04 04	(2)
			 10 00 40 04 06	(2)
			 10 00 40 04 08	(2)
			 10 00 40 04 0a	(2)
			 10 00 40 04 0c	(2)
			 10 00 40 04 0e	(2)
			 10 00 40 04 10	(2)
			 10 00 40 04 12	(2)
			 10 00 40 04 14	(2)
			 10 00 40 04 16	(2)
			 10 00 40 04 18	(2)
			 10 00 40 04 1a	(1)
			 10 00 40 04 1c	(2)
			 10 00 40 04 1e	(2)
			 10 00 40 04 20	(5)
			 10 00 40 04 22	(3)
			 10 00 40 04 24	(3)
			 10 00 40 04 26	(3)
			 10 00 40 04 28	(3)
			 10 00 40 04 2a	(3)
			 10 00 40 04 2c	(3)
			 10 00 40 04 2e	(3)
			 10 00 40 04 30	(3)
			 10 00 40 04 32	(3)
			 10 00 40 04 34	(3)
			 10 00 40 04 36	(3)
			 10 00 40 04 38	(3)
			 10 00 40 04 3a	(3)
			 10 00 40 04 3c	(3)
			 10 00 40 04 3e	(3)
			 10 00 40 04 40	(3)
			 10 00 40 04 42	(3)
			 10 00 40 04 44	(57)
			 10 00 40 04 46	(3)
			 10 00 40 04 48	(11)
			 10 00 40 04 4a	(3)
			 10 00 40 04 4c	(3)
			 10 00 40 04 4e	(3)
			 10 00 40 04 50	(3)
			 10 00 40 04 52	(1)
			 10 00 40 04 54	(1)
			 10 00 40 04 56	(1)
			 10 00 40 04 58	(1)
			 10 00 40 04 5a	(1)
			 10 00 40 04 5c	(1)
			 10 00 40 04 5e	(1)
			 10 00 40 04 60	(1)
			 10 00 40 04 62	(1)
			 10 00 40 04 64	(1)
			 10 00 40 04 66	(1)
			 10 00 40 04 68	(1)
			 10 00 40 04 6a	(1)
			 10 00 40 04 6c	(1)
			 10 00 40 04 6e	(1)
			 10 00 40 04 70	(1)
			 10 00 40 04 72	(1)
			 10 00 40 04 74	(1)
			 10 00 40 04 76	(1)
			 10 00 40 04 78	(1)
			 10 00 40 04 7a	(1)
			 10 00 40 04 7c	(1)
			 10 00 40 04 7e	(1)
			 10 00 40 04 80	(1)
			 10 00 40 04 82	(1)
			 10 00 40 04 84	(1)
			 10 00 40 04 86	(1)
			 10 00 40 04 88	(1)
			 10 10 40 04 0e	(3)
			 10 20 40 04 20	(22)
			 10 30 40 04 28	(1)
			 10 40 40 04 30	(2)
			 10 50 40 04 3c	(1)
			 10 60 40 04 48	(27)
			 11 00 10 04 44	(5)
			 11 00 10 04 46	(1)
			 11 00 40 04 42	(4)
			 11 00 40 04 44	(5)
			 11 00 40 04 46	(1)
			 11 00 40 04 48	(4)
			 11 00 40 04 4a	(1)
			 14 20 40 04 20	(6)
			 18 00 10 02 ee	(1)
			 18 00 10 02 f4	(1)
			 18 00 10 02 f6	(1)
			 18 00 10 02 fa	(1)
			 18 00 10 02 fe	(1)
			 18 00 10 03 04	(1)
			 18 00 10 03 06	(1)
			 18 00 10 03 0a	(1)
			 18 00 10 03 0e	(1)
			 18 00 10 03 12	(1)
			 18 00 10 03 16	(1)
			 18 00 10 03 1a	(1)
			 18 00 10 03 1c	(1)
			 18 00 10 03 22	(1)
			 18 00 10 03 24	(1)
			 18 00 10 03 28	(1)
			 18 00 10 03 2c	(1)
			 18 00 10 03 30	(1)
			 18 00 10 03 34	(1)
			 18 00 10 03 38	(1)
			 18 00 10 03 3c	(1)
			 18 00 10 03 40	(1)
			 18 00 10 03 44	(1)
			 18 00 10 03 48	(1)
			 18 00 10 03 4c	(1)
			 18 00 10 03 4e	(1)
			 18 00 10 03 54	(1)
			 18 00 10 03 56	(1)
			 18 00 10 03 5a	(1)
			 18 00 10 03 5e	(1)
			 18 00 10 03 62	(1)
			 18 00 10 03 66	(1)
			 18 00 10 03 6a	(1)
			 18 00 10 03 6e	(1)
			 18 00 10 03 72	(1)
			 18 00 10 03 76	(1)
			 18 00 10 03 78	(1)
			 18 00 10 03 7c	(1)
			 18 00 10 03 80	(1)
			 18 00 10 03 86	(1)
			 18 00 10 03 88	(1)
			 18 00 10 03 8c	(1)
			 18 00 10 03 90	(1)
			 18 00 10 03 94	(1)
			 18 00 10 03 98	(1)
			 18 00 10 03 9c	(1)
			 18 00 10 03 a0	(1)
			 18 00 10 03 a4	(1)
			 18 00 10 03 a6	(1)
			 18 00 10 03 aa	(1)
			 18 00 10 03 ae	(1)
			 18 00 10 03 b2	(1)
			 18 00 10 03 b6	(1)
			 18 00 10 03 ba	(1)
			 18 00 10 03 be	(1)
			 18 00 10 03 c2	(1)
			 18 00 10 03 c4	(1)
			 18 00 10 03 ca	(1)
			 18 00 10 03 ce	(1)
			 18 00 10 03 d2	(1)
			 18 00 10 03 d4	(1)
			 18 00 10 03 da	(1)
			 18 00 10 03 dc	(1)
			 18 00 10 03 e0	(1)
			 18 00 10 03 e4	(1)
			 18 00 10 03 e8	(1)
			 18 00 10 03 ec	(1)
			 18 00 10 03 f0	(1)
			 18 00 10 03 f4	(1)
			 18 00 10 03 f8	(1)
			 18 00 10 03 fc	(1)
			 18 00 10 03 fe	(1)
			 18 00 10 04 02	(1)
			 18 00 10 04 08	(1)
			 18 00 10 04 0a	(1)
			 18 00 10 04 10	(1)
			 18 00 10 04 12	(1)
			 18 00 10 04 16	(1)
			 18 00 10 04 1a	(1)
			 18 00 10 04 1e	(1)
			 18 00 10 04 20	(1)
			 18 00 10 04 26	(1)
			 18 00 10 04 28	(1)
			 18 00 10 04 2c	(1)
			 18 00 10 04 30	(1)
			 18 00 10 04 36	(1)
			 18 00 10 04 38	(1)
			 18 00 10 04 3c	(1)
			 18 00 10 04 40	(1)
			 18 00 10 04 44	(3)
			 18 00 10 04 48	(1)
			 18 00 10 04 4a	(1)
			 18 00 10 04 50	(1)
			 18 00 10 04 54	(1)
			 18 00 10 04 56	(1)
			 18 00 10 04 5a	(1)
			 18 00 10 04 62	(1)
			 18 00 10 04 66	(1)
			 18 00 10 04 6a	(1)
			 18 00 10 04 6e	(1)
			 18 00 10 04 72	(1)
			 18 00 10 04 76	(1)
			 18 00 10 04 78	(1)
			 18 00 10 04 7e	(1)
			 18 00 10 04 80	(1)
			 18 00 10 04 84	(1)
			 18 00 10 04 88	(1)
			 19 10 40 04 0e	(2)
			 19 20 40 04 20	(4)
			 19 30 40 04 28	(1)
			 19 40 40 04 30	(2)
			 19 50 40 04 3c	(2)
			 1a 00 40 02 f0	(1)
			 1a 00 40 02 f4	(1)
			 1a 00 40 02 fa	(1)
			 1a 00 40 02 fc	(1)
			 1a 00 40 03 00	(1)
			 1a 00 40 03 04	(1)
			 1a 00 40 03 08	(1)
			 1a 00 40 03 0c	(1)
			 1a 00 40 03 10	(1)
			 1a 00 40 03 14	(1)
			 1a 00 40 03 18	(1)
			 1a 00 40 03 1c	(1)
			 1a 00 40 03 1e	(1)
			 1a 00 40 03 22	(1)
			 1a 00 40 03 28	(1)
			 1a 00 40 03 2c	(1)
			 1a 00 40 03 2e	(1)
			 1a 00 40 03 32	(1)
			 1a 00 40 03 36	(1)
			 1a 00 40 03 3a	(1)
			 1a 00 40 03 3e	(1)
			 1a 00 40 03 42	(1)
			 1a 00 40 03 46	(1)
			 1a 00 40 03 4a	(1)
			 1a 00 40 03 4c	(1)
			 1a 00 40 03 52	(1)
			 1a 00 40 03 54	(1)
			 1a 00 40 03 5a	(1)
			 1a 00 40 03 5c	(1)
			 1a 00 40 03 60	(1)
			 1a 00 40 03 64	(1)
			 1a 00 40 03 68	(1)
			 1a 00 40 03 6c	(1)
			 1a 00 40 03 70	(1)
			 1a 00 40 03 74	(1)
			 1a 00 40 03 78	(1)
			 1a 00 40 03 7c	(1)
			 1a 00 40 03 80	(1)
			 1a 00 40 03 84	(1)
			 1a 00 40 03 86	(1)
			 1a 00 40 03 8c	(1)
			 1a 00 40 03 8e	(1)
			 1a 00 40 03 92	(1)
			 1a 00 40 03 96	(1)
			 1a 00 40 03 9a	(1)
			 1a 00 40 03 9e	(1)
			 1a 00 40 03 a2	(1)
			 1a 00 40 03 a6	(1)
			 1a 00 40 03 aa	(1)
			 1a 00 40 03 ac	(1)
			 1a 00 40 03 b0	(1)
			 1a 00 40 03 b6	(1)
			 1a 00 40 03 b8	(1)
			 1a 00 40 03 bc	(1)
			 1a 00 40 03 c0	(1)
			 1a 00 40 03 c4	(1)
			 1a 00 40 03 c8	(1)
			 1a 00 40 03 ca	(1)
			 1a 00 40 03 d0	(1)
			 1a 00 40 03 d4	(1)
			 1a 00 40 03 d6	(1)
			 1a 00 40 03 da	(1)
			 1a 00 40 03 e0	(1)
			 1a 00 40 03 e4	(1)
			 1a 00 40 03 e6	(1)
			 1a 00 40 03 ea	(1)
			 1a 00 40 03 ee	(1)
			 1a 00 40 03 f2	(1)
			 1a 00 40 03 f4	(1)
			 1a 00 40 03 fa	(1)
			 1a 00 40 03 fe	(1)
			 1a 00 40 04 02	(1)
			 1a 00 40 04 04	(1)
			 1a 00 40 04 08	(1)
			 1a 00 40 04 0e	(4)
			 1a 00 40 04 10	(1)
			 1a 00 40 04 14	(1)
			 1a 00 40 04 18	(1)
			 1a 00 40 04 1c	(1)
			 1a 00 40 04 20	(1)
			 1a 00 40 04 24	(1)
			 1a 00 40 04 26	(1)
			 1a 00 40 04 2c	(1)
			 1a 00 40 04 30	(1)
			 1a 00 40 04 32	(1)
			 1a 00 40 04 36	(1)
			 1a 00 40 04 3a	(1)
			 1a 00 40 04 40	(1)
			 1a 00 40 04 42	(1)
			 1a 00 40 04 46	(1)
			 1a 00 40 04 4a	(1)
			 1a 00 40 04 4e	(1)
			 1a 00 40 04 52	(1)
			 1a 00 40 04 56	(1)
			 1a 00 40 04 5a	(1)
			 1a 00 40 04 5e	(1)
			 1a 00 40 04 60	(1)
			 1a 00 40 04 64	(1)
			 1a 00 40 04 6a	(1)
			 1a 00 40 04 6c	(1)
			 1a 00 40 04 70	(1)
			 1a 00 40 04 74	(1)
			 1a 00 40 04 78	(1)
			 1a 00 40 04 7c	(1)
			 1a 00 40 04 7e	(1)
			 1a 00 40 04 84	(1)
			 1a 00 40 04 88	(1)
			 1a 10 40 04 0e	(6)
			 1a 20 40 04 20	(4)
			 30 00 10 04 46	(11)
			 30 00 20 04 46	(3)
			 30 00 40 04 22	(1)
			 30 00 40 04 24	(1)
			 30 00 40 04 26	(1)
			 30 00 40 04 28	(1)
			 30 00 40 04 2a	(1)
			 30 00 40 04 2c	(1)
			 30 00 40 04 2e	(1)
			 30 00 40 04 30	(1)
			 30 00 40 04 32	(1)
			 30 00 40 04 34	(1)
			 30 00 40 04 36	(1)
			 30 00 40 04 38	(1)
			 30 00 40 04 3a	(1)
			 30 00 40 04 3c	(1)
			 30 00 40 04 3e	(1)
			 30 00 40 04 40	(1)
			 30 00 40 04 42	(1)
			 30 00 40 04 44	(1)
			 30 00 40 04 46	(213)
			 30 00 40 04 48	(10)
			 30 00 40 04 4a	(2)
			 30 00 40 04 4c	(2)
			 30 00 40 04 4e	(2)
			 30 00 40 04 50	(2)
			 30 00 40 04 62	(1)
			 30 00 50 02 b5	(7)
			 31 00 40 04 42	(1)
			 31 00 40 04 44	(3)
			 31 00 40 04 46	(4)
			 31 00 40 04 4a	(2)
			 31 60 40 04 48	(1)
			 32 00 40 04 4a	(1)
			 32 00 40 04 4c	(1)
			 32 00 40 04 4e	(1)
			 32 00 40 04 50	(1)
			 32 00 40 04 52	(1)
			 32 00 40 04 54	(1)
			 32 00 40 04 56	(1)
			 32 00 40 04 58	(1)
			 32 00 40 04 5a	(1)
			 32 00 40 04 5c	(1)
			 32 00 40 04 5e	(1)
			 32 00 40 04 60	(1)
			 32 00 40 04 62	(1)
			 32 60 40 04 48	(1)
			 90 00 10 04 44	(24)
id: 265, count: 523
			 10 00 00 00	(7)
			 81 00 00 00	(42)
			 91 00 00 00	(474)
id: 2a5, count: 528
			 00 00 00 00 00 00 00 00	(466)
			 31 36 3a 32 32 3a 31 39	(16)
			 33 35 2d 39 33 2d 32 31	(1)
			 52 45 4b 4c 41 4d 41 3a	(2)
			 70 6c 75 73 2e 72 75 20	(11)
			 7a 65 6d 6c 6a 61 6e 69	(32)
id: 2e5, count: 260
			 00 00 00 00	(260)
id: 325, count: 528
			 00 00 00	(508)
			 00 01 00	(4)
			 00 81 00	(4)
			 00 83 00	(12)
id: 365, count: 516
			 ff ff ff 00 00	(516)
id: 3a5, count: 516
			 ff ff ff ff 7f 00	(516)
id: 3e5, count: 604
			 00 00 00 00 00 00	(532)
			 00 00 00 00 00 04	(3)
			 00 00 00 00 00 10	(9)
			 00 00 00 00 00 40	(2)
			 00 00 10 00 00 00	(24)
			 00 00 40 00 00 00	(24)
			 00 10 00 00 00 00	(9)
			 40 00 00 00 00 00	(1)
id: 3f6, count: 283
			 00 61 e0 00 00 80 01	(1)
			 00 61 f0 00 00 80 01	(1)
			 00 62 00 00 00 80 01	(1)
			 00 62 10 00 00 80 01	(1)
			 00 62 20 00 00 80 01	(1)
			 00 62 30 00 00 80 01	(3)
			 00 62 40 00 00 80 01	(1)
			 00 62 50 00 00 80 01	(1)
			 00 62 60 00 00 80 01	(1)
			 00 62 70 00 00 80 01	(1)
			 00 62 80 00 00 80 01	(1)
			 00 62 90 00 00 80 01	(1)
			 00 62 a0 00 00 80 01	(1)
			 00 62 b0 00 00 80 01	(1)
			 00 62 c0 00 00 80 01	(1)
			 00 62 d0 00 00 80 01	(1)
			 00 62 e0 00 00 80 01	(1)
			 00 62 f0 00 00 80 01	(1)
			 00 63 00 00 00 80 01	(1)
			 00 63 10 00 00 80 01	(1)
			 00 63 20 00 00 80 01	(1)
			 00 63 30 00 00 80 01	(1)
			 00 63 40 00 00 80 01	(1)
			 00 63 50 00 00 80 01	(1)
			 00 63 60 00 00 80 01	(1)
			 00 63 70 00 00 80 01	(1)
			 00 63 80 00 00 80 01	(1)
			 00 63 90 00 00 80 01	(1)
			 00 63 a0 00 00 80 01	(1)
			 00 63 b0 00 00 80 01	(1)
			 00 63 c0 00 00 80 01	(1)
			 00 63 d0 00 00 80 01	(1)
			 00 63 e0 00 00 80 01	(1)
			 00 63 f0 00 00 80 01	(1)
			 00 64 00 00 00 80 01	(1)
			 00 64 10 00 00 80 01	(1)
			 00 64 20 00 00 80 01	(1)
			 00 64 30 00 00 80 01	(1)
			 00 64 40 00 00 80 01	(1)
			 00 64 50 00 00 80 01	(1)
			 00 64 60 00 00 80 01	(1)
			 00 64 70 00 00 80 01	(1)
			 00 64 80 00 00 80 01	(1)
			 00 64 90 00 00 80 01	(1)
			 00 64 a0 00 00 80 01	(1)
			 00 64 b0 00 00 80 01	(1)
			 00 64 c0 00 00 80 01	(1)
			 00 64 d0 00 00 80 01	(1)
			 00 64 e0 00 00 80 01	(1)
			 00 64 f0 00 00 80 01	(1)
			 00 65 00 00 00 80 01	(1)
			 00 65 10 00 00 80 01	(1)
			 00 65 20 00 00 80 01	(1)
			 00 65 30 00 00 80 01	(1)
			 00 65 40 00 00 80 01	(1)
			 00 65 50 00 00 80 01	(1)
			 00 65 60 00 00 80 01	(1)
			 00 65 70 00 00 80 01	(1)
			 00 65 80 00 00 80 01	(1)
			 00 65 90 00 00 80 01	(1)
			 00 65 a0 00 00 80 01	(1)
			 00 65 b0 00 00 80 01	(1)
			 00 65 c0 00 00 80 01	(1)
			 00 65 d0 00 00 80 01	(1)
			 00 65 e0 00 00 80 01	(1)
			 00 65 f0 00 00 80 01	(1)
			 00 66 00 00 00 80 01	(1)
			 00 66 10 00 00 80 01	(1)
			 00 66 20 00 00 80 01	(1)
			 00 66 30 00 00 80 01	(1)
			 00 66 40 00 00 80 01	(1)
			 00 66 50 00 00 80 01	(1)
			 00 66 60 00 00 80 01	(1)
			 00 66 70 00 00 80 01	(1)
			 00 66 80 00 00 80 01	(1)
			 00 66 90 00 00 80 01	(1)
			 00 66 a0 00 00 80 01	(1)
			 00 66 b0 00 00 80 01	(1)
			 00 66 c0 00 00 80 01	(1)
			 00 66 d0 00 00 80 01	(1)
			 00 66 e0 00 00 80 01	(1)
			 00 66 f0 00 00 80 01	(1)
			 00 67 00 00 00 80 01	(1)
			 00 67 10 00 00 80 01	(1)
			 00 67 20 00 00 80 01	(1)
			 00 67 30 00 00 80 01	(1)
			 00 67 40 00 00 80 01	(1)
			 00 67 50 00 00 80 01	(1)
			 00 67 60 00 00 80 01	(1)
			 00 67 70 00 00 80 01	(1)
			 00 67 80 00 00 80 01	(1)
			 00 67 90 00 00 80 01	(1)
			 00 67 a0 00 00 80 01	(1)
			 00 67 b0 00 00 80 01	(1)
			 00 67 c0 00 00 80 01	(1)
			 00 67 d0 00 00 80 01	(1)
			 00 67 e0 00 00 80 01	(1)
			 00 67 f0 00 00 80 01	(1)
			 00 68 00 00 00 80 01	(1)
			 00 68 10 00 00 80 01	(1)
			 00 68 20 00 00 80 01	(1)
			 00 68 30 00 00 80 01	(1)
			 00 68 40 00 00 80 01	(1)
			 00 68 50 00 00 80 01	(1)
			 00 68 60 00 00 80 01	(1)
			 00 68 70 00 00 80 01	(1)
			 00 68 80 00 00 80 01	(1)
			 00 68 90 00 00 80 01	(1)
			 00 68 a0 00 00 80 01	(1)
			 00 68 b0 00 00 80 01	(1)
			 00 68 c0 00 00 80 01	(1)
			 00 68 d0 00 00 80 01	(1)
			 00 68 e0 00 00 80 01	(1)
			 00 68 f0 00 00 80 01	(1)
			 00 69 00 00 00 80 01	(1)
			 00 69 10 00 00 80 01	(1)
			 00 69 20 00 00 80 01	(1)
			 00 69 30 00 00 80 01	(1)
			 00 69 40 00 00 80 01	(1)
			 00 69 50 00 00 80 01	(1)
			 00 69 60 00 00 80 01	(1)
			 00 69 70 00 00 80 01	(1)
			 00 69 80 00 00 80 01	(1)
			 00 69 90 00 00 80 01	(1)
			 00 69 a0 00 00 80 01	(1)
			 00 69 b0 00 00 80 01	(1)
			 00 69 c0 00 00 80 01	(1)
			 00 69 d0 00 00 80 01	(1)
			 00 69 e0 00 00 80 01	(1)
			 00 69 f0 00 00 80 01	(1)
			 00 6a 00 00 00 80 01	(1)
			 00 6a 10 00 00 80 01	(1)
			 00 6a 20 00 00 80 01	(1)
			 00 6a 30 00 00 80 01	(1)
			 00 6a 40 00 00 80 01	(1)
			 00 6a 50 00 00 80 01	(1)
			 00 6a 60 00 00 80 01	(1)
			 00 6a 70 00 00 80 01	(1)
			 00 6a 80 00 00 80 01	(1)
			 00 6a 90 00 00 80 01	(1)
			 00 6a a0 00 00 80 01	(1)
			 00 6a b0 00 00 80 01	(1)
			 00 6a c0 00 00 80 01	(1)
			 00 6a d0 00 00 80 01	(1)
			 00 6a e0 00 00 80 01	(1)
			 00 6a f0 00 00 80 01	(1)
			 00 6b 00 00 00 80 01	(1)
			 00 6b 10 00 00 80 01	(1)
			 00 6b 20 00 00 80 01	(1)
			 00 6b 30 00 00 80 01	(1)
			 00 6b 40 00 00 80 01	(1)
			 00 6b 50 00 00 80 01	(1)
			 00 6b 60 00 00 80 01	(1)
			 00 6b 70 00 00 80 01	(1)
			 00 6b 80 00 00 80 01	(1)
			 00 6b 90 00 00 80 01	(1)
			 00 6b a0 00 00 80 01	(1)
			 00 6b b0 00 00 80 01	(1)
			 00 6b c0 00 00 80 01	(1)
			 00 6b d0 00 00 80 01	(1)
			 00 6b e0 00 00 80 01	(1)
			 00 6b f0 00 00 80 01	(1)
			 00 6c 00 00 00 80 01	(1)
			 00 6c 10 00 00 80 01	(1)
			 00 6c 20 00 00 80 01	(1)
			 00 6c 30 00 00 80 01	(1)
			 00 6c 40 00 00 80 01	(1)
			 00 6c 50 00 00 80 01	(1)
			 00 6c 60 00 00 80 01	(1)
			 00 6c 70 00 00 80 01	(1)
			 00 6c 80 00 00 80 01	(1)
			 00 6c 90 00 00 80 01	(1)
			 00 6c a0 00 00 80 01	(1)
			 00 6c b0 00 00 80 01	(1)
			 00 6c c0 00 00 80 01	(1)
			 00 6c d0 00 00 80 01	(1)
			 00 6c e0 00 00 80 01	(1)
			 00 6c f0 00 00 80 01	(1)
			 00 6d 00 00 00 80 01	(1)
			 00 6d 10 00 00 80 01	(1)
			 00 6d 20 00 00 80 01	(1)
			 00 6d 30 00 00 80 01	(1)
			 00 6d 40 00 00 80 01	(1)
			 00 6d 50 00 00 80 01	(1)
			 00 6d 60 00 00 80 01	(1)
			 00 6d 70 00 00 80 01	(1)
			 00 6d 80 00 00 80 01	(1)
			 00 6d 90 00 00 80 01	(1)
			 00 6d a0 00 00 80 01	(1)
			 00 6d b0 00 00 80 01	(1)
			 00 6d c0 00 00 80 01	(1)
			 00 6d d0 00 00 80 01	(1)
			 00 6d e0 00 00 80 01	(1)
			 00 6d f0 00 00 80 01	(1)
			 00 6e 00 00 00 80 01	(1)
			 00 6e 10 00 00 80 01	(1)
			 00 6e 20 00 00 80 01	(1)
			 00 6e 30 00 00 80 01	(1)
			 00 6e 40 00 00 80 01	(1)
			 00 6e 50 00 00 80 01	(1)
			 00 6e 60 00 00 80 01	(1)
			 00 6e 70 00 00 80 01	(1)
			 00 6e 80 00 00 80 01	(1)
			 00 6e 90 00 00 80 01	(1)
			 00 6e a0 00 00 80 01	(1)
			 00 6e b0 00 00 80 01	(2)
			 00 6e c0 00 00 80 01	(2)
			 00 6e d0 00 00 80 01	(1)
			 00 6e e0 00 00 80 01	(1)
			 00 6e f0 00 00 80 01	(1)
			 00 6f 00 00 00 80 01	(1)
			 00 6f 10 00 00 80 01	(1)
			 00 6f 20 00 00 80 01	(1)
			 00 6f 30 00 00 80 01	(1)
			 00 6f 40 00 00 80 01	(1)
			 00 6f 50 00 00 80 01	(1)
			 00 6f 60 00 00 80 01	(1)
			 00 6f 70 00 00 80 01	(1)
			 00 6f 80 00 00 80 01	(1)
			 00 6f 90 00 00 80 01	(1)
			 00 6f a0 00 00 80 01	(1)
			 00 6f b0 00 00 80 01	(1)
			 00 6f c0 00 00 80 01	(1)
			 00 6f d0 00 00 80 01	(1)
			 00 6f e0 00 00 80 01	(1)
			 00 6f f0 00 00 80 01	(1)
			 00 70 00 00 00 80 01	(1)
			 00 70 10 00 00 80 01	(1)
			 00 70 20 00 00 80 01	(1)
			 00 70 30 00 00 80 01	(1)
			 00 70 40 00 00 80 01	(1)
			 00 70 50 00 00 80 01	(1)
			 00 70 60 00 00 80 01	(1)
			 00 70 70 00 00 80 01	(1)
			 00 70 80 00 00 80 01	(1)
			 00 70 90 00 00 80 01	(1)
			 00 70 a0 00 00 80 01	(1)
			 00 70 b0 00 00 80 01	(1)
			 00 70 c0 00 00 80 01	(1)
			 00 70 d0 00 00 80 01	(1)
			 00 70 e0 00 00 80 01	(1)
			 00 70 f0 00 00 80 01	(1)
			 00 71 00 00 00 80 01	(1)
			 00 71 10 00 00 80 01	(1)
			 00 71 20 00 00 80 01	(1)
			 00 71 30 00 00 80 01	(1)
			 00 71 40 00 00 80 01	(1)
			 00 71 50 00 00 80 01	(1)
			 00 71 60 00 00 80 01	(1)
			 00 71 70 00 00 80 01	(1)
			 00 71 80 00 00 80 01	(1)
			 00 71 90 00 00 80 01	(1)
			 00 71 a0 00 00 80 01	(1)
			 00 71 b0 00 00 80 01	(1)
			 00 71 c0 00 00 80 01	(1)
			 00 71 d0 00 00 80 01	(1)
			 00 71 e0 00 00 80 01	(1)
			 00 71 f0 00 00 80 01	(1)
			 00 72 00 00 00 80 01	(1)
			 00 72 10 00 00 80 01	(1)
			 00 72 20 00 00 80 01	(1)
			 00 72 30 00 00 80 01	(1)
			 00 72 40 00 00 80 01	(1)
			 00 72 50 00 00 80 01	(1)
			 00 72 60 00 00 80 01	(1)
			 00 72 70 00 00 80 01	(1)
			 00 72 80 00 00 80 01	(3)
			 00 72 90 00 00 80 01	(1)
			 00 72 a0 00 00 80 01	(1)
			 00 72 b0 00 00 80 01	(4)
			 00 72 c0 00 00 80 01	(2)
			 00 72 d0 00 00 80 01	(2)
id: 520, count: 259
			 01 00 00 00 01 48 00 00	(259)
id: 525, count: 270
			 05 00 00 00 01 48 00 00	(270)
